-51.68
-55.5
-57.9
-59.82
-59.34
-56.94			
-53.12
-48.34
-43.06
-36.84
-29.18
-22.5
-16.74
-12.92
-12.44
-13.4
-16.74
-20.58
-23.44
-24.88
-23.92
-18.66
-8.62
6.22
24.88
45.94
68.42
89.48
107.18
121.06
130.16
135.42
136.38
135.42
131.6
126.32
119.16
112.46
105.28
98.1
92.84
88.04
83.74
79.92
74.64
67.48
57.9
46.9
35.88
26.32
18.18
12.44
8.62
7.18
6.7
4.78
0.96
-6.7
-17.7
-32.06
-48.8
-66.04
-82.3
-96.66
-109.58
-120.58
-130.16
-139.24
-148.82
-158.86
-167.96
-174.66
-178.48
-178
-174.18
-165.08
-151.22
-132.08
-110.06
-86.62
-63.16
-41.16
-21.54
-3.82
11.96
26.32
38.76
47.38
53.6
56.46
57.42
55.5
51.68
44.98
37.32
30.62
24.88
20.1
15.32
9.1
0
-13.4
-29.66
-49.28
-68.9
-86.14
-100.48
-109.58
-113.4
-112.46
-108.14
-102.4
-97.62
-94.74
-94.26
-95.22
-98.58
-100.96
-101.92
-99.06
-92.36
-80.86
-65.56
-47.38
-27.28
-6.22
13.88
32.54
49.76
65.56
80.86
96.18
111.98
128.24
145
162.22
179.44
195.72
210.54
222.5
232.08
239.26
244.52
246.44
245.96
240.7
231.6
220.12
206.72
191.88
177.06
162.22
147.38
131.12
114.36
96.18
75.12
53.6
32.06
10.52
-9.58
-26.32
-39.24
-47.38
-50.72
-49.28
-45.46
-38.76
-31.1
-24.4
-21.06
-21.54
-25.84
-31.58
-38.76
-44.98
-49.76
-52.64
-54.56
-55.02
-55.5
-56.94
-58.38
-61.26
-64.6
-67.48
-70.34
-70.34
-67
-59.34
-49.28
-38.28
-25.84
-13.4
-2.88
6.22
9.58
6.7
-2.88
-18.18
-37.32
-58.86
-79.92
-98.1
-112.92
-122.98
-129.68
-131.6
-133.02
-133.98
-136.86
-143.08
-152.16
-161.74
-170.84
-176.58
-178.48
-176.58
-170.36
-161.74
-153.12
-145
-137.34
-130.64
-123.94
-116.28
-107.66
-97.14
-83.26
-66.52
-48.8
-30.14
-11.48
6.22
23.92
41.16
59.82
78.48
96.66
113.4
127.76
137.82
144.52
148.34
150.74
151.22
149.78
147.38
143.08
138.3
133.02
126.32
119.62
112.46
105.28
98.58
93.32
89.48
86.62
83.74
79.44
74.16
67.94
61.72
55.02
48.34
43.06
38.76
36.84
35.42
35.42
36.84
37.32
37.32
36.36
34.94
33.98
33.98
34.94
36.36
38.28
40.68
43.06
46.42
49.76
54.08
58.38
63.16
67.94
72.26
75.6
76.56
74.64
68.9
59.34
47.38
34.94
22.5
11.96
2.88
-2.88
-5.74
-7.18
-7.18
-7.18
-6.7
-6.7
-7.66
-9.1
-11.96
-16.26
-21.54
-27.76
-34.94
-42.58
-51.2
-60.78
-72.26
-85.18
-98.58
-112.46
-126.32
-139.72
-152.64
-165.08
-175.62
-185.18
-192.36
-197.14
-200.02
-200.5
-198.58
-193.32
-187.1
-177.06
-164.14
-148.34
-130.16
-112.46
-96.18
-81.82
-68.9
-57.42
-48.34
-39.24
-31.58
-23.92
-15.32
-2.88
11.96
29.18
44.98
58.86
69.86
78.96
84.7
88.04
90.44
92.36
94.74
96.66
98.58
100
100.96
101.44
101.44
102.4
103.36
105.28
107.18
108.62
109.1
109.1
106.7
100.96
92.84
82.3
72.74
64.6
58.86
56.46
55.98
58.38
61.72
65.08
66.52
65.56
61.26
55.5
47.86
40.68
34.46
29.66
26.8
24.4
22.96
21.54
19.62
17.22
13.88
8.62
1.44
-6.7
-16.26
-24.88
-33.5
-41.16
-46.9
-48.8
-49.28
-47.86
-44.98
-42.1
-39.24
-37.8
-40.2
-45.94
-56.94
-69.86
-82.78
-92.84
-97.14
-96.18
-89.96
-81.34
-69.38
-55.02
-37.32
-20.1
-7.66
0
4.3
6.22
9.1
11
15.32
20.1
26.32
33.02
38.76
44.5
50.24
55.02
58.86
63.16
68.42
74.64
80.4
86.14
89.48
90.44
89
86.14
82.78
79.44
77.52
75.12
73.22
70.34
65.56
58.86
50.24
40.2
30.62
21.06
11.96
3.82
-3.34
-9.58
-15.8
-22.5
-29.66
-37.32
-46.42
-55.02
-63.64
-70.82
-77.52
-81.82
-84.22
-84.22
-80.86
-76.08
-71.3
-67.94
-67.48
-69.38
-73.22
-79.44
-86.14
-91.88
-95.7
-97.14
-97.62
-95.22
-90.92
-85.18
-78.96
-72.26
-65.08
-57.42
-50.72
-45.94
-41.16
-38.28
-34.94
-31.58
-27.28
-22.02
-14.36
-6.22
2.4
11
19.14
24.88
28.72
29.18
27.76
24.88
22.02
18.66
15.32
12.44
9.58
7.18
5.26
4.3
5.74
9.1
14.36
21.54
29.66
38.28
46.9
54.08
58.86
62.2
64.6
66.04
67.94
71.3
75.6
80.86
88.04
95.22
101.44
104.32
104.32
101.92
97.14
91.88
86.14
81.34
77.04
74.64
72.26
69.38
65.08
58.38
49.76
38.76
26.32
12.44
-0.48
-11.96
-22.02
-30.62
-37.8
-43.54
-47.86
-51.2
-54.56
-57.9
-62.2
-67
-72.74
-78
-82.78
-86.14
-88.04
-88.04
-87.56
-86.14
-85.66
-86.14
-87.56
-89
-90.44
-92.36
-94.26
-95.22
-94.26
-90.44
-85.18
-78
-71.3
-63.64
-55.98
-47.38
-38.28
-31.1
-25.36
-21.54
-19.14
-17.7
-17.22
-17.22
-16.74
-16.74
-14.36
-10.52
-4.78
2.88
12.92
23.44
33.5
41.64
46.9
48.8
48.34
44.98
40.2
34.94
30.62
27.28
26.8
27.76
31.1
35.42
38.76
41.16
40.68
37.8
32.54
26.8
22.96
20.1
19.62
21.06
23.92
27.28
30.62
32.54
34.94
36.36
39.72
42.58
45.46
47.86
49.76
50.24
50.24
48.8
45.46
40.68
33.98
25.84
17.7
9.1
2.4
-1.92
-3.34
-2.4
0
1.92
2.88
2.88
0.96
-2.4
-6.7
-11.96
-17.22
-22.02
-26.32
-30.62
-33.5
-35.88
-36.84
-35.88
-33.02
-28.24
-22.02
-14.36
-8.14
-1.44
2.4
4.3
4.3
3.34
2.4
1.92
1.92
2.4
2.88
3.82
4.3
4.3
4.3
3.34
1.44
-1.92
-7.18
-12.44
-18.66
-24.88
-31.58
-37.32
-42.58
-45.46
-46.42
-45.94
-44.02
-41.64
-38.28
-35.42
-32.54
-29.66
-24.88
-20.58
-15.8
-11.48
-7.18
-3.82
-0.48
1.44
3.82
5.74
8.62
12.44
16.74
21.54
26.8
33.5
40.2
48.34
55.98
63.16
69.86
75.6
80.86
85.66
89.96
93.32
95.7
95.7
95.22
92.84
90.92
89
87.08
85.18
83.26
79.44
74.16
67.48
59.34
49.76
38.28
26.32
15.32
4.78
-3.34
-10.04
-14.84
-18.66
-21.54
-24.88
-27.28
-29.66
-31.58
-33.5
-34.94
-35.42
-35.42
-33.5
-30.14
-25.84
-21.06
-16.26
-11
-6.22
-1.92
1.92
5.26
8.62
11.48
12.44
11
6.22
0
-8.14
-15.8
-22.5
-27.28
-31.1
-33.5
-36.84
-40.68
-44.98
-50.24
-55.5
-61.26
-66.04
-70.34
-75.12
-78.96
-82.78
-86.14
-88.52
-90.92
-92.84
-93.78
-93.78
-93.32
-91.4
-88.52
-84.22
-78.48
-70.34
-60.78
-49.28
-36.84
-24.4
-12.92
-2.4
7.66
16.74
24.88
32.54
39.72
44.98
49.28
52.64
55.02
56.94
58.38
59.34
59.82
59.82
59.34
58.38
56.46
53.6
