 MATRIZ DE AMORTIGUAMIENTO 
 MATRIZ UKU 
   16989234.0    
   8305970.00    
   864787.750    
   6.83472282E+09
   3.34769280E+09
   935219968.    
   245071920.    
  -1.72149504E+09
  -5.37191834E+09
 VECTORES CARACTERISTICOS
   301.582611    
   377.003143    
   168.868225    
   0.00000000    
   0.00000000    
   0.00000000    
   0.00000000    
   0.00000000    
   0.00000000    
  -377.102478    
   165.894455    
   303.105072    
   0.00000000    
   0.00000000    
   0.00000000    
   0.00000000    
   0.00000000    
   0.00000000    
   168.646347    
  -303.228668    
   375.780212    
   0.00000000    
   0.00000000    
   0.00000000    
   0.00000000    
   0.00000000    
   0.00000000    
   0.00000000    
   0.00000000    
   0.00000000    
   172.104492    
   233.076614    
   204.978577    
  -50.8366699    
  -298.314331    
   209.912720    
   0.00000000    
   0.00000000    
   0.00000000    
  -227.671860    
   82.6104355    
   321.503021    
  -64.3969803    
  -49.4852600    
  -304.928131    
   0.00000000    
   0.00000000    
   0.00000000    
   104.276985    
  -194.373856    
   323.020660    
  -64.8947296    
   268.143341    
   180.251450    
   0.00000000    
   0.00000000    
   0.00000000    
  -76.6122437    
  -91.6115875    
   14.6448336    
   45.0405083    
  -77.5726089    
   50.9004173    
   0.00000000    
   0.00000000    
   0.00000000    
   93.2386169    
  -44.4211998    
   24.4013958    
   89.9197769    
  -28.8864689    
  -70.2245941    
   0.00000000    
   0.00000000    
   0.00000000    
  -41.0757980    
   72.4593582    
   18.1747208    
   118.105423    
   50.8028069    
   36.2751274    
 ARREGLO DE FRECUENCIAS
  -5.37191834E+09
  -1.72149504E+09
   864787.750    
   8305970.00    
   16989234.0    
   245071920.    
   935219968.    
   3.34769280E+09
   6.83472282E+09
 FRECUENCIAS W1 W2              NaN              NaN
 PERIODOS T1 T2              NaN              NaN
 CONSTANTES A0 A1:              NaN              NaN
 MATRIZ DE AMORTIGUAMIENTO
              NaN
              NaN
              NaN
              NaN
              NaN
              NaN
              NaN
              NaN
              NaN
              NaN
              NaN
              NaN
              NaN
              NaN
              NaN
              NaN
              NaN
              NaN
              NaN
              NaN
              NaN
              NaN
              NaN
              NaN
              NaN
              NaN
              NaN
              NaN
              NaN
              NaN
              NaN
              NaN
              NaN
              NaN
              NaN
              NaN
              NaN
              NaN
              NaN
              NaN
              NaN
              NaN
              NaN
              NaN
              NaN
              NaN
              NaN
              NaN
              NaN
              NaN
              NaN
              NaN
              NaN
              NaN
              NaN
              NaN
              NaN
              NaN
              NaN
              NaN
              NaN
              NaN
              NaN
              NaN
              NaN
              NaN
              NaN
              NaN
              NaN
              NaN
              NaN
              NaN
              NaN
              NaN
              NaN
              NaN
              NaN
              NaN
              NaN
              NaN
              NaN
