 TIPO EXC            1
 PERIODOS  0.379838735      0.379838735    
 CORTANTES BASALES:   4.64062532E-03   4.64062532E-03
   5.00000007E-02  0.100000001               2           2
 MATRIZ DE RIGIDEZ DIR X
   40.0000000    
  -20.0000000    
   0.00000000    
  -20.0000000    
   40.0000000    
  -20.0000000    
   0.00000000    
  -20.0000000    
   20.0000000    
 MATRIZ DE RIGIDEZ ACOPLADA DIR Y
 MATRIZ DE RIGIDECES RISI
   40.0000000    
  -20.0000000    
   0.00000000    
   0.00000000    
   0.00000000    
   0.00000000    
   0.00000000    
   0.00000000    
   0.00000000    
  -20.0000000    
   40.0000000    
  -20.0000000    
   0.00000000    
   0.00000000    
   0.00000000    
   0.00000000    
   0.00000000    
   0.00000000    
   0.00000000    
  -20.0000000    
   20.0000000    
   0.00000000    
   0.00000000    
   0.00000000    
   0.00000000    
   0.00000000    
   0.00000000    
   0.00000000    
   0.00000000    
   0.00000000    
   40.0000000    
  -20.0000000    
   0.00000000    
  -39999.8203    
   19999.9102    
   0.00000000    
   0.00000000    
   0.00000000    
   0.00000000    
  -20.0000000    
   40.0000000    
  -20.0000000    
   19999.9102    
  -39999.8203    
   19999.9102    
   0.00000000    
   0.00000000    
   0.00000000    
   0.00000000    
  -20.0000000    
   20.0000000    
   0.00000000    
   19999.9102    
  -19999.9102    
   0.00000000    
   0.00000000    
   0.00000000    
  -39999.8203    
   19999.9102    
   0.00000000    
   67583.0312    
  -33791.5156    
   0.00000000    
   0.00000000    
   0.00000000    
   0.00000000    
   19999.9102    
  -39999.8203    
   19999.9102    
  -33791.5156    
   67583.0312    
  -33791.5156    
   0.00000000    
   0.00000000    
   0.00000000    
   0.00000000    
   19999.9102    
  -19999.9102    
   0.00000000    
  -33791.5156    
   33791.5156    
 DISTRIBUCION DE RIGIDECES 
   2673.32129    
  -1326.66064    
  -1326.66064    
   10.0000000    
   10.0000000    
   2227.76782    
  -1105.55054    
  -1105.55054    
   8.33333397    
   8.33333397    
   1336.66064    
  -663.330322    
  -663.330322    
   5.00000000    
   5.00000000    
 DISTRIBUCION DE CORTANTES DV
  0.620170414    
  -7.34910890E-02
  -7.33968019E-02
   2.32168753E-03
   2.32168753E-03
  0.516808689    
  -6.12425767E-02
  -6.11640029E-02
   1.93473964E-03
   1.93473964E-03
  0.310085207    
  -3.67455445E-02
  -3.66984010E-02
   1.16084376E-03
   1.16084376E-03
 DESPLAZAMIENTOS EN LA FLUENCIA DY
   2.31984988E-04
   5.53955433E-05
   5.53244754E-05
   2.32168750E-04
   2.32168750E-04
   2.31984988E-04
   5.53955470E-05
   5.53244754E-05
   2.32168735E-04
   2.32168735E-04
   2.31984988E-04
   5.53955433E-05
   5.53244754E-05
   2.32168750E-04
   2.32168750E-04
 VECTOR DE FUERZAS
   7.73895765E-04
   7.88803995E-02
  0.396336794    
   1.54779176E-03
  0.157760859    
  0.792673707    
   2.32168753E-03
  0.236641258    
   1.18901050    
