 VECTOR DE FUERZAS P
   7.73895765E-04
   7.88803995E-02
  0.396336794    
   1.54779176E-03
  0.157760859    
  0.792673707    
   2.32168753E-03
  0.236641258    
   1.18901050    
 MATRIZ U
   6.32455540    
  -3.16227770    
   0.00000000    
   0.00000000    
   0.00000000    
   0.00000000    
   0.00000000    
   0.00000000    
   0.00000000    
   0.00000000    
   6.32455540    
  -3.16227770    
   0.00000000    
   0.00000000    
   0.00000000    
   0.00000000    
   0.00000000    
   0.00000000    
   0.00000000    
   0.00000000    
   4.47213602    
   0.00000000    
   0.00000000    
   0.00000000    
   0.00000000    
   0.00000000    
   0.00000000    
   0.00000000    
   0.00000000    
   0.00000000    
   6.32455540    
  -3.16227770    
   0.00000000    
  -6324.52686    
   3162.26343    
   0.00000000    
   0.00000000    
   0.00000000    
   0.00000000    
   0.00000000    
   5.47722578    
  -3.65148354    
  0.166171029    
  -5477.37500    
   3651.46729    
   0.00000000    
   0.00000000    
   0.00000000    
   0.00000000    
   0.00000000    
   2.64575124    
   0.00000000    
  -3.39577459E-02
  -2519.85522    
   0.00000000    
   0.00000000    
   0.00000000    
   0.00000000    
   0.00000000    
   0.00000000    
              NaN
              NaN
              NaN
   0.00000000    
   0.00000000    
   0.00000000    
   0.00000000    
   0.00000000    
   0.00000000    
   0.00000000    
   46341.6797    
   46339.4922    
   0.00000000    
   0.00000000    
   0.00000000    
   0.00000000    
   0.00000000    
   0.00000000    
   0.00000000    
   0.00000000    
   411.046844    
 VECTOR Y
   1.22363665E-04
   2.44727358E-04
   5.19145105E-04
   1.24720857E-02
   2.88030598E-02
   8.94419923E-02
              NaN
   46340.2188    
   246.943115    
 DESPLAZAMIENTOS ELASTICOS 
   339546976.    
   339546976.    
   480191936.    
   339546784.    
   392074656.    
   811672576.    
              NaN
  0.399234951    
  0.600766361    
